1.000000000000000000e+00 2.000000000000000000e+00 1.199999999999999956e-01
1.002201212719959988e+00 1.999999769874205802e+00 2.399798093952000277e-01
1.011444916692176177e+00 2.000011627943428572e+00 3.596232538301553094e-01
1.032103679064760637e+00 2.000099162484314963e+00 4.778315778811172976e-01
1.067729307047800447e+00 2.000421127113647390e+00 5.924208922589925264e-01
1.120631389310818404e+00 2.001271834733413968e+00 7.001271872875680646e-01
1.191500694922357884e+00 2.003099286377401089e+00 7.969476497044926111e-01
1.279232823782667117e+00 2.006476576465953343e+00 8.787502626046675980e-01
1.381069070589429293e+00 2.012014297895130532e+00 9.419856362311834763e-01
1.493064116675709485e+00 2.020229264663552016e+00 9.842895837198720743e-01
1.610767386264236434e+00 2.031411736011404123e+00 1.004805252432469098e+00
1.729931057483192758e+00 2.045539966153809175e+00 1.004162932680526810e+00
1.847066198064654552e+00 2.062270655056090529e+00 9.841768652880590329e-01
1.959743885724128720e+00 2.080999062260527666e+00 9.473939145187317834e-01
2.066633754671940881e+00 2.100954359439458408e+00 8.966362349931652487e-01
2.167343730162078597e+00 2.121288351795533433e+00 8.346359963513748648e-01
2.262152161125350336e+00 2.141128542977261962e+00 7.638000716227811848e-01
2.351713226607067941e+00 2.159589083373601337e+00 6.860953484841290084e-01
2.436787329562069448e+00 2.175753875487810074e+00 6.030225099488639717e-01
2.518018733987789748e+00 2.188658380742493748e+00 5.156444081203344076e-01
2.595764331302995664e+00 2.197299229509452889e+00 4.246446398201436656e-01
2.669973619428055223e+00 2.200694983865417509e+00 3.304031924186641156e-01
2.740127943594059978e+00 2.198008481882979925e+00 2.330833408573846910e-01
2.805259162934236272e+00 2.188720936856801025e+00 1.327256516918377538e-01
2.864072909062988170e+00 2.172820814363168207e+00 2.934224213793401592e-02
2.915187372112654884e+00 2.150941992043100104e+00 -7.699979471030000966e-02
2.957458743807066970e+00 2.124370205521743493e+00 -1.861193222758842358e-01
2.990308040070490669e+00 2.094854476913566188e+00 -2.976977498491666929e-01
3.013920172163697231e+00 2.064223063941423408e+00 -4.112943332367977600e-01
3.029193249628381768e+00 2.033896558227156870e+00 -5.263901027329885851e-01
3.037393763116874368e+00 2.004467754129660495e+00 -6.424362016244042906e-01
3.039596867063399266e+00 1.975525506087428163e+00 -7.588728479659350157e-01
3.036097863978471700e+00 1.945819184226951437e+00 -8.750851167628801441e-01
3.026012633318908573e+00 1.913727922461444297e+00 -9.902738273244673373e-01
3.007228843524289985e+00 1.877881867524553883e+00 -1.103243865770123566e+00
2.976762285617542858e+00 1.837731298142720515e+00 -1.212146210224361198e+00
2.931461339569398028e+00 1.793881372564324561e+00 -1.314249140221066980e+00
2.868913131287347262e+00 1.748084110623102427e+00 -1.405847898069589652e+00
2.788341003625522951e+00 1.702881318669906108e+00 -1.482430140421735043e+00
2.691250193569970861e+00 1.661002716576343463e+00 -1.539171283249895827e+00
2.581599721157444627e+00 1.624713275863993944e+00 -1.571726626782020908e+00
2.465378738253747759e+00 1.595330246498867455e+00 -1.577141487650660201e+00
2.349639601554282198e+00 1.573063731443099522e+00 -1.554588116653540908e+00
2.241230487565692098e+00 1.557194759879023449e+00 -1.505642843687630572e+00
2.145586445924631658e+00 1.546464866084680256e+00 -1.433969371065430654e+00
2.065910186161532991e+00 1.539489998299388374e+00 -1.344509632358340090e+00
2.002909412830121028e+00 1.535052681289581944e+00 -1.242474281732204089e+00
1.955043079406110440e+00 1.532224191871452978e+00 -1.132470582830062744e+00
1.919075059051227550e+00 1.530353369770575567e+00 -1.018003113493060274e+00
1.890702603404111670e+00 1.528991354554118054e+00 -9.014134541098088871e-01
1.865103047660908508e+00 1.527808475327208537e+00 -7.841817879846310069e-01
