5.551115123125782702e-17 0.000000000000000000e+00 0.000000000000000000e+00
-1.045450043828805020e-04 1.834446829453334482e-02 -2.420795662437053020e-03
1.282825883813065726e-03 7.710731451766866806e-02 -1.095420201073307731e-02
4.237137513922045740e-03 1.730198573428721742e-01 -2.497219243414505740e-02
9.037198288414129144e-03 3.014366201180329607e-01 -4.334115220488148068e-02
1.607941060202397465e-02 4.566097083213028762e-01 -6.455485353002143878e-02
2.578050889206462415e-02 6.320176325422258712e-01 -8.689240810061410469e-02
3.847647770008331275e-02 8.207284258263691790e-01 -1.085902739505537062e-01
5.432518226492887709e-02 1.015774975112289980e+00 -1.280165014213922869e-01
7.322003236352153666e-02 1.210519933162125250e+00 -1.438352692925088383e-01
9.472130935798500628e-02 1.398988431231965812e+00 -1.551503949725102915e-01
1.180106600596994293e-01 1.576149016954626392e+00 -1.616178619354488311e-01
1.418727701151319409e-01 1.738126655160789458e+00 -1.635194073137089255e-01
1.647064683900013593e-01 1.882336034653477430e+00 -1.617917262426165903e-01
1.845655937846407135e-01 2.007528542321278309e+00 -1.580087181901669580e-01
1.992279988140736036e-01 2.113751774072750944e+00 -1.543172425919727142e-01
2.062891944753917628e-01 2.202226002487160272e+00 -1.533298740574212671e-01
2.032754774961924582e-01 2.275147264188337903e+00 -1.579809596704250529e-01
1.877700303460997366e-01 2.335431335917761420e+00 -1.713547040317615344e-01
1.575445332648824914e-01 2.386416547775244368e+00 -1.964958875768208213e-01
1.106883379231229370e-01 2.431545904462037111e+00 -2.362150403038779101e-01
4.572725721041941138e-02 2.474050193122058872e+00 -2.929003679428139328e-01
-3.827547292557686998e-02 2.516653575101533757e+00 -3.683484289480550844e-01
-1.416425348131414297e-01 2.561321601906769718e+00 -4.636245052960764612e-01
-2.640352709997687564e-01 2.609068762944501518e+00 -5.789618622856814723e-01
-4.044392217362026143e-01 2.659838744901725782e+00 -7.137067603372907465e-01
-5.611839304008019447e-01 2.712465809607162992e+00 -8.663133099505594403e-01
-7.319964653263671961e-01 2.764720382041787605e+00 -1.034389222049302948e+00
-9.140861062816428850e-01 2.813436420244562086e+00 -1.214790389401021242e+00
-1.104255791191989022e+00 2.854712764635099376e+00 -1.403759235185270793e+00
-1.299034328303939612e+00 2.884175777144637465e+00 -1.597099069495264922e+00
-1.494822149399869460e+00 2.897286491351971360e+00 -1.790374472081714519e+00
-1.688042586926383315e+00 2.889672464256234807e+00 -1.979126109001982492e+00
-1.875290350908239700e+00 2.857462742492139718e+00 -2.159087492834757871e+00
-2.053469078935585390e+00 2.797603945972596762e+00 -2.326391067044534466e+00
-2.219910521593202457e+00 2.708136459256167416e+00 -2.477751643151324235e+00
-2.372469063109258869e+00 2.588412046486655349e+00 -2.610616604216851044e+00
-2.509586791530572736e+00 2.439237726271466844e+00 -2.723274323385298512e+00
-2.630326129773954857e+00 2.262935239671098220e+00 -2.814914804768789747e+00
-2.734369006386804024e+00 2.063310637166932970e+00 -2.885639476137975556e+00
-2.821983560266970503e+00 1.845534074531278934e+00 -2.936420166315258928e+00
-2.893961311678062032e+00 1.615935494648981008e+00 -2.969010391315652697e+00
-2.951529472481574601e+00 1.381727132338197883e+00 -2.985814959514741407e+00
-2.996244504039526912e+00 1.150668381981414079e+00 -2.989726407832781874e+00
-3.029874073517079047e+00 9.306922240225166121e-01 -2.983938742766267360e+00
-3.054275144988464863e+00 7.295148858292301863e-01 -2.971750260732077820e+00
-3.071276036281562316e+00 5.542515582602245416e-01 -2.956367781868395994e+00
-3.082569872285895851e+00 4.110607280577199818e-01 -2.940724416989415779e+00
-3.089625998024384312e+00 3.048380324422200749e-01 -2.927322014273185502e+00
-3.093624637040958802e+00 2.389775976507814703e-01 -2.918107763554729228e+00
-3.095418475223940646e+00 2.152147700225153226e-01 -2.914392178511547193e+00
