-0.59665 0.27996 1.13529
0.88423 0.26374 0.26421
0.88751 0.08065 0.00093
0.66686 -0.32258 -0.42676
-0.24062 -0.62031 2.43019
0.02944 -0.66720 2.08700
-0.05006 -0.61501 1.63575
0.29035 -0.38144 1.98153
0.35706 -0.29494 1.80607
0.39222 -0.20117 1.70479
0.37029 -0.10617 1.62871
0.39496 -0.01175 1.48661
0.41832 0.08575 1.30202
0.35436 0.19723 1.03276
0.05493 0.29171 0.74840
-0.49937 0.27991 0.65164
0.64693 0.30167 -2.47105
0.80694 0.39307 -2.58604
0.75929 0.51998 -2.39737
0.60883 0.64391 -2.36006
-0.59989 0.26636 1.13553
0.92148 0.23187 -0.44673
0.92628 0.02296 -0.58056
-0.68631 -0.37661 2.35110
-0.29888 -0.63423 2.17305
-0.05954 -0.66475 1.91094
-0.13252 -0.60702 1.48298
0.21870 -0.37309 1.74809
0.30599 -0.28764 1.60811
0.38597 -0.19595 1.48617
0.45870 -0.10378 1.37314
0.51937 -0.01293 1.24565
0.54468 0.08013 1.05669
0.41681 0.18629 0.75773
-0.10462 0.26623 0.51466
-0.66963 0.25071 0.48533
-0.86236 0.28748 0.53188
0.87945 0.39151 -2.29118
0.80235 0.52601 -2.19117
-0.63904 0.65212 1.14293
-0.73716 0.24997 0.99856
0.90325 0.19736 -1.11825
-0.83587 -0.03316 1.87028
-0.67369 -0.41894 2.01249
-0.34422 -0.63998 1.95399
-0.14705 -0.65730 1.80754
-0.18807 -0.59510 1.36171
0.13971 -0.36879 1.52467
0.33549 -0.28443 1.42937
0.45467 -0.19506 1.31914
0.53101 -0.10628 1.10096
0.61850 -0.02012 0.97795
0.63650 0.06635 0.78014
0.43734 0.16285 0.47842
-0.23224 0.22538 0.27224
-0.78475 0.21720 0.18516
0.93209 0.27280 -3.04211
0.91682 0.39002 -2.84128
0.82065 0.53162 -1.54989
-0.63264 0.65905 1.46240
-0.74433 0.23180 1.00702
-0.84067 0.16194 1.65358
-0.76462 -0.08490 1.57444
-0.64407 -0.44998 1.73531
-0.38071 -0.63895 1.76681
-0.22249 -0.64555 1.65430
0.09287 -0.43783 1.87103
0.14909 -0.36845 1.36438
0.31568 -0.28519 1.19375
0.48331 -0.19835 1.06481
0.58271 -0.11348 0.82062
0.68622 -0.03309 0.68668
0.68993 0.04444 0.48034
0.41762 0.12641 0.21586
0.35466 0.17286 -3.10623
-0.84824 0.18307 -0.21298
0.92933 0.25931 2.32235
0.91400 0.38939 0.61880
-0.80032 0.53710 2.19433
-0.55532 0.66479 1.75572
-0.71731 0.21304 1.13446
-0.73689 0.12741 1.44531
-0.66631 -0.13028 1.36686
-0.60060 -0.47094 1.51209
-0.40382 -0.63241 1.59529
-0.28033 -0.63018 1.50437
0.00254 -0.44231 1.62284
0.07720 -0.37172 1.15798
0.28185 -0.28950 0.96021
0.49019 -0.20533 0.80361
0.65720 -0.12481 0.68040
0.71054 -0.05121 0.36485
0.69531 0.01511 0.16564
-0.40119 0.07822 3.09711
0.46192 0.11544 2.94198
0.85075 0.15170 2.62704
0.91496 0.24837 1.67922
0.87772 0.39018 0.46069
-0.75216 0.54266 2.46768
-0.48293 0.66941 1.81984
-0.62497 0.19490 1.30719
-0.62161 0.09535 1.30310
-0.56904 -0.16822 1.21059
-0.56215 -0.48335 1.33135
-0.42552 -0.62146 1.43804
-0.33149 -0.61185 1.35781
-0.19605 -0.44996 1.23289
0.09920 -0.37797 0.95634
0.20816 -0.29668 0.62504
0.45678 -0.21522 0.42210
0.72482 -0.13936 0.42479
0.74301 -0.07333 0.17212
-0.66967 -0.02003 3.03666
-0.30638 0.02218 2.89112
0.52771 0.06095 2.70346
0.84228 0.12562 2.25420
0.86892 0.24094 1.34210
-0.81833 0.39277 -2.73064
-0.68798 0.54838 2.60881
-0.36916 0.67298 1.90724
-0.51801 0.17853 1.31260
-0.46569 0.06704 1.19102
-0.44412 -0.19849 1.06739
-0.51025 -0.48877 1.14677
-0.43618 -0.60708 1.24928
-0.37301 -0.59123 1.16983
0.40983 -0.45987 -2.49348
-0.02553 -0.38629 -2.39216
0.15164 -0.30577 0.40112
0.52472 -0.22696 0.31038
0.70101 -0.15587 0.10481
0.65094 -0.09785 -0.22050
-0.58953 -0.05846 2.77374
-0.13395 -0.03508 2.71408
0.52283 0.01562 2.54528
0.79833 0.10641 1.90297
0.81603 0.23761 1.09300
-0.68367 0.39732 -2.82533
-0.55089 0.55431 2.70678
-0.37547 0.67558 1.89436
-0.46404 0.16491 1.28839
-0.30482 0.04329 1.08663
-0.32453 -0.22151 0.93278
-0.46344 -0.48870 0.96889
-0.44457 -0.59019 1.05042
0.40923 -0.56899 -2.11765
-0.52805 -0.47094 0.25879
0.04194 -0.39560 -2.60283
0.22393 -0.31563 0.29398
0.47444 -0.23929 0.05898
0.64777 -0.17287 -0.18395
-0.71050 -0.12280 2.72724
-0.48014 -0.09682 2.55702
-0.15291 -0.08590 2.57824
0.52282 -0.01717 2.28935
0.71994 0.09479 1.65354
-0.71490 0.23858 -2.17506
-0.57289 0.40386 -2.84802
-0.45335 0.56044 2.66538
-0.36180 0.67732 2.30664
-0.29352 0.15474 1.19660
-0.14448 0.02445 0.97919
-0.21306 -0.23812 0.79597
-0.42262 -0.48453 0.78802
-0.45129 -0.57165 0.83628
0.41706 -0.54584 -2.26899
0.42967 -0.48197 -2.81190
-0.10298 -0.40472 0.31765
0.16154 -0.32505 0.06954
0.40536 -0.25089 -0.17963
0.56673 -0.18878 -0.43661
-0.45099 -0.14607 2.46791
-0.35111 -0.13142 2.36787
-0.04729 -0.12409 2.38154
0.48228 -0.03667 2.05390
0.61444 0.09078 1.47483
-0.57012 0.24381 -2.37493
-0.47762 0.41228 -2.94923
-0.34783 0.56674 2.72170
-0.37702 0.67835 2.29405
-0.11530 0.14844 1.09819
0.01354 0.01045 0.86169
0.10919 -0.24947 -2.49162
-0.27234 -0.47755 0.57513
-0.45592 -0.55230 0.60394
0.43750 -0.52247 -2.60900
0.41727 -0.49180 -2.98492
-0.15892 -0.41253 0.07920
0.09090 -0.33289 -0.16000
0.31610 -0.26049 -0.40856
0.45886 -0.20212 -0.65910
-0.41191 -0.16562 2.16587
-0.21243 -0.15884 2.18882
0.02642 -0.14663 2.18014
0.40798 -0.04368 1.84564
0.48705 0.09399 1.33857
-0.43632 0.25304 -2.43152
-0.35173 0.42241 -2.95447
-0.23851 0.57321 2.78027
-0.60712 0.17245 1.15677
0.06845 0.14612 0.98749
0.16981 0.00083 0.72789
-0.01007 -0.25684 0.48941
-0.23019 -0.46899 0.37033
0.45694 -0.53296 -2.78849
0.44772 -0.49962 -2.77554
0.39022 -0.49942 -3.12094
-0.21173 -0.41807 -0.18277
0.00449 -0.33814 -0.49882
0.19053 -0.26704 -0.72249
0.30811 -0.21159 -0.94259
-0.25825 -0.17971 1.99670
-0.12363 -0.17650 1.96719
0.06255 -0.15350 1.97240
0.30496 -0.03975 1.66178
0.34090 0.10374 1.22725
-0.29018 0.26589 -2.48042
-0.21801 0.43405 -2.95396
-0.12634 0.57984 2.84915
-0.61396 0.17969 1.17504
0.36960 0.14759 0.77468
0.32577 -0.00515 0.57007
0.08890 -0.26164 0.30910
-0.18322 -0.46001 0.14925
0.45146 -0.51446 -3.05524
-0.45421 -0.47799 0.20056
0.39843 -0.50405 2.62259
-0.23108 -0.42058 -0.55050
0.06877 -0.34008 2.40865
-0.07459 -0.26971 2.21020
-0.16178 -0.21626 2.01585
-0.04905 -0.18706 1.87972
-0.13462 -0.18299 1.84913
0.06025 -0.14646 1.75798
0.17631 -0.02660 1.49487
0.17747 0.11918 1.13066
-0.13111 0.28189 -2.52343
-0.07578 0.44699 -2.94394
-0.08037 0.58670 3.03342
0.60800 0.19018 0.30568
0.54591 0.15240 0.59047
0.39033 -0.00851 0.23519
0.19311 -0.26529 0.10324
-0.12426 -0.45171 -0.08858
0.32017 -0.49761 2.88530
-0.45655 -0.45831 0.03388
0.40603 -0.50516 2.21371
0.37331 -0.41958 2.10841
0.31543 -0.33821 2.00417
0.25027 -0.26802 1.88656
0.13625 -0.21549 1.83456
0.11048 -0.18690 1.69151
-0.02728 -0.17806 1.64444
0.02123 -0.12796 1.53552
0.02402 -0.00592 1.33623
-0.00259 0.13943 1.04248
0.04300 0.30054 -2.56138
0.06335 0.46101 -2.86947
0.02995 0.59388 -3.12232
0.58974 0.20355 0.30130
0.67148 0.15989 0.37245
0.49928 -0.01043 0.02836
0.27652 -0.26927 -0.10213
-0.06618 -0.44517 -0.31071
0.27693 -0.48316 2.64560
0.46535 -0.58631 2.44394
0.31526 -0.50248 2.20384
0.27294 -0.41481 2.07842
0.25139 -0.33231 1.79464
0.30143 -0.26171 1.77386
0.26993 -0.20903 1.64968
0.24190 -0.17899 1.50400
0.17107 -0.16237 1.32899
-0.05089 -0.10043 1.30224
-0.14885 0.02072 1.17682
-0.19752 0.16358 0.95808
0.32930 0.32132 -2.54734
0.31242 0.47596 -2.77860
0.35734 0.60152 -3.07346
0.73590 0.21926 0.14772
0.75990 0.16921 0.08983
0.58285 -0.01230 -0.20778
0.34976 -0.27503 -0.31749
0.00279 -0.44134 2.61534
0.22073 -0.47181 2.42385
0.35720 -0.58289 2.05282
0.23069 -0.49595 1.84830
0.26789 -0.40624 1.70695
0.30457 -0.32238 1.58107
0.39257 -0.25081 1.56158
0.38674 -0.19690 1.45125
0.34902 -0.16351 1.29663
0.20292 -0.13719 1.09583
-0.06350 -0.06609 0.83425
-0.29720 0.05189 0.87409
-0.46821 0.19071 0.74760
0.48954 0.34374 -2.55707
0.44478 0.49170 -2.68861
0.40629 0.60980 -3.07539
0.77102 0.23663 0.06246
0.81042 0.17933 -0.26946
0.64028 -0.01564 -0.47300
0.41337 -0.28403 -0.54177
-0.06677 -0.44109 2.40734
0.15111 -0.46414 2.21784
0.04400 -0.57535 1.66168
0.27618 -0.48569 1.66785
0.26475 -0.39401 1.49570
0.41887 -0.30861 1.42499
0.46844 -0.23555 1.33725
0.48241 -0.17938 1.23293
0.42808 -0.14098 1.06674
0.11175 -0.10408 0.95708
-0.14839 -0.02687 0.74408
-0.44681 0.08625 0.71108
-0.62373 0.21996 0.65627
0.63080 0.36733 -2.54325
0.55556 0.50813 -2.55040
0.51991 0.61889 -3.09407
0.87912 0.25485 -0.35038
0.82386 0.18907 -0.68196
0.67168 -0.02216 -0.76153
-0.35118 -0.29756 2.28214
-0.14258 -0.44506 2.20640
0.06971 -0.46056 1.98597
-0.02939 -0.56395 1.52616
0.21792 -0.47194 1.47635
0.23897 -0.37841 1.34582
0.35170 -0.29131 1.19900
0.43937 -0.21628 1.07956
0.55434 -0.15694 0.99122
0.47751 -0.11217 0.81712
0.09145 -0.06472 0.72633
-0.25481 0.01553 0.53244
-0.58268 0.12258 0.52777
-0.71181 0.25048 0.53421
0.79071 0.39164 -2.65468
0.70595 0.52517 -2.39118
0.50082 0.62899 -3.09454
-0.84692 0.27299 1.88743
-0.80192 0.19712 2.06084
-0.67775 -0.03366 2.08024
-0.39439 -0.31675 2.05461
-0.22358 -0.45363 2.01091
0.04435 -0.46122 1.86585
0.08509 -0.54909 -1.97247
0.08508 -0.45507 1.32976
0.23052 -0.35981 1.13027
0.37930 -0.27092 0.96889
0.49027 -0.19352 0.84093
0.62759 -0.13019 0.57273
-0.58400 -0.07804 -2.75062
-0.19987 -0.02080 -2.90582
0.35718 0.05959 -2.83024
-0.69735 0.15974 0.30408
-0.82181 0.28147 0.38869
-0.86204 0.41628 0.56288
0.74930 0.54276 -2.05030
-0.40234 0.64021 2.79982
-0.76124 0.29006 1.63150
-0.74304 0.20199 1.71272
-0.65874 -0.05207 1.76312
-0.43657 -0.34227 1.80239
-0.31772 -0.46679 1.79900
0.16185 -0.46600 1.84203
-0.08167 -0.53122 1.26998
0.04283 -0.43551 0.99367
0.21381 -0.33868 0.90649
0.42906 -0.24795 0.58484
0.56397 -0.16786 0.43854
0.59471 -0.09987 0.30046
-0.55465 -0.03966 -3.02024
-0.12346 0.02603 -3.13807
0.45119 0.10388 -3.09406
-0.78806 0.19661 -0.03755
-0.90995 0.31219 -0.40469
-0.89209 0.44085 1.11592
-0.75226 0.56082 1.55490
-0.40846 0.65261 2.79153
-0.65473 0.30495 1.45639
-0.65710 0.20204 1.46041
-0.61484 -0.07923 1.49295
-0.45892 -0.37424 1.57181
-0.43994 -0.48412 1.47396
-0.03008 -0.47443 1.59489
0.16792 -0.51083 -2.07478
0.00182 -0.41377 0.80672
0.21407 -0.31555 0.56950
0.41769 -0.22299 0.37049
0.55558 -0.13997 0.20254
0.57621 -0.06680 0.05401
-0.50409 0.00184 3.02369
-0.04379 0.07417 2.92969
0.52055 0.14707 2.91635
-0.83114 0.23216 -0.47659
-0.90918 0.34193 -1.30994
-0.87109 0.46501 2.83378
-0.68368 0.57923 2.03284
-0.77211 0.30215 -2.89848
-0.53135 0.31651 1.31764
-0.56241 0.19545 1.09325
-0.55482 -0.11664 1.26059
-0.46816 -0.41190 1.35846
0.49279 -0.50469 -1.86706
0.42882 -0.48572 -2.37431
0.21338 -0.48850 -2.25703
-0.03232 -0.39039 0.61980
0.19078 -0.29101 0.37827
0.39920 -0.19668 0.16784
0.53343 -0.11059 -0.01688
0.61411 -0.03189 -0.24574
-0.43968 0.04525 2.80733
0.15771 0.12206 2.83152
-0.66882 0.18786 -0.55133
-0.79988 0.26544 -1.19387
-0.85043 0.37006 -2.07697
-0.77556 0.48844 3.09312
-0.59832 0.59784 2.28534
0.08961 0.31810 1.41942
-0.39279 0.32352 1.19648
-0.43621 0.18034 0.94462
-0.48287 -0.16503 1.05424
0.46786 -0.45362 -1.98733
0.53207 -0.52722 -2.07912
0.46353 -0.49881 -2.53502
0.24971 -0.46480 -2.44975
-0.06125 -0.36598 0.43118
0.16668 -0.26566 0.19131
0.37339 -0.16970 -0.02639
0.49873 -0.08051 -0.22292
0.55734 0.00390 -0.46406
-0.36688 0.08933 2.60470
-0.22340 0.16812 -0.53050
-0.66964 0.22500 -0.87661
-0.72475 0.29554 -1.53254
-0.74219 0.39603 -2.27642
-0.65781 0.51081 -3.09760
-0.48922 0.61641 2.46646
0.09013 0.33057 1.42065
-0.23995 0.32475 1.08315
0.29660 0.15486 -2.33798
0.40091 -0.22375 -2.27750
0.45893 -0.49697 -2.19315
0.44149 -0.55016 -2.20935
-0.49240 -0.51247 0.40439
0.21217 -0.44038 -2.62274
-0.02498 -0.34115 0.26398
0.20146 -0.24018 0.02745
0.40604 -0.14278 -0.19444
0.45138 -0.05058 -0.41856
0.48710 0.03953 -0.66775
-0.29008 0.13277 2.40791
-0.27111 0.21078 -0.75883
-0.63284 0.25730 -1.18505
-0.60711 0.32172 -1.76711
-0.59552 0.41940 -2.37992
-0.51149 0.53187 -3.04077
-0.41528 0.63465 2.61971
0.09110 0.33877 1.42186
-0.07412 0.31899 0.97100
0.14496 0.11753 -2.47844
0.31043 -0.29023 -2.46015
0.44060 -0.53914 -2.41457
0.46783 -0.57191 -2.45100
-0.32954 -0.50342 0.59779
0.23675 -0.41588 -2.83131
-0.04966 -0.31656 0.07089
0.17171 -0.21523 -0.15905
0.36523 -0.11668 -0.38528
0.47588 -0.02171 -0.59535
0.40402 0.07393 -0.86204
-0.21335 0.17424 2.21090
-0.29300 0.24836 -0.99624
-0.55391 0.28367 -1.45292
0.44818 0.34340 1.21203
-0.41558 0.43987 -2.43890
-0.34344 0.55139 -2.98796
-0.36990 0.65226 2.64643
0.09874 0.34197 1.46741
0.10179 0.30519 0.85394
-0.01497 0.06773 -2.62407
0.21372 -0.36005 -2.64501
0.41107 -0.57748 -2.66776
0.47813 -0.59108 -2.75035
0.34596 -0.47969 -2.68083
0.25296 -0.39196 -3.04563
-0.07141 -0.29287 -0.12370
0.13817 -0.19154 -0.34522
0.31451 -0.09219 -0.57299
0.33658 0.00518 -0.89665
0.30854 0.10595 -1.05113
0.09858 0.21229 -1.01642
0.28038 0.27916 1.90302
0.33617 0.30322 1.45310
0.32602 0.36024 1.00885
-0.26851 0.45731 -2.60809
-0.18437 0.56921 -3.10603
-0.31677 0.66889 3.08893
0.20246 0.33960 1.25144
0.26639 0.28255 0.75364
-0.16685 0.00632 -2.75082
0.11751 -0.42778 -2.80271
0.36276 -0.60997 -2.90784
-0.45692 -0.60656 0.09119
0.36563 -0.45696 -2.79954
0.27379 -0.36932 3.06087
-0.10035 -0.27077 -0.28139
0.09512 -0.16979 -0.49334
0.23499 -0.07010 -0.81597
0.23922 0.02912 -1.04698
0.20212 0.13438 -1.10209
-0.02247 0.24534 1.93982
0.25496 0.30144 1.68834
0.18097 0.31538 1.28755
0.12489 0.37221 0.91621
0.06439 0.47178 0.51110
0.01448 0.58526 -2.97742
-0.31188 0.68424 3.13476
-0.39949 0.33126 -2.08813
0.43560 0.25081 0.62657
-0.31605 -0.06393 -2.90696
0.06754 -0.48842 3.11581
0.30531 -0.63546 3.08507
0.42758 -0.61763 3.03732
0.36064 -0.43591 2.97710
0.25994 -0.34861 2.74617
-0.11828 -0.25090 -0.57135
0.03658 -0.15070 -0.77003
-0.15356 -0.05122 2.15512
-0.13379 0.04909 2.02389
-0.08789 0.15794 1.87052
0.03944 0.27157 1.73700
0.17503 0.31359 1.46943
0.09962 0.32001 1.14786
-0.10848 0.37960 0.84885
-0.18562 0.48352 0.55686
0.18680 0.59953 -2.88952
-0.33276 0.69805 3.07143
0.56818 0.31684 0.93983
0.60099 0.21040 0.47113
-0.45278 -0.13844 -3.08991
-0.03057 -0.53867 2.88843
0.23365 -0.65357 2.80056
0.38428 -0.62394 2.83322
0.32329 -0.41723 2.54953
0.27097 -0.33046 2.52029
0.16041 -0.23391 2.36281
0.04316 -0.13493 2.17928
0.03040 -0.03633 2.04986
0.00812 0.06412 1.86457
0.04770 0.17525 1.69762
0.09112 0.28892 1.51806
0.05574 0.31442 1.26072
-0.11661 0.31755 1.01843
-0.23968 0.38302 0.74743
-0.38158 0.49294 0.57315
0.33978 0.61209 -2.77519
-0.33126 0.71012 3.06999
0.70272 0.29658 0.87648
0.74142 0.16263 0.24000
-0.55707 -0.21174 2.95202
-0.11649 -0.57721 2.63000
0.15406 -0.66452 2.52441
0.31879 -0.62541 2.51527
0.36334 -0.40152 2.36523
0.27187 -0.31545 2.28496
0.20244 -0.22034 2.14097
0.21312 -0.12308 2.04153
0.16476 -0.02612 1.87481
0.16289 0.07325 1.69955
0.18446 0.18487 1.50965
0.10737 0.29501 1.27970
-0.11521 0.30355 1.06158
-0.35527 0.30901 0.90334
-0.47766 0.38336 0.71201
-0.46983 0.50052 0.58797
-0.40490 0.62307 0.44136
-0.37271 0.72032 2.65489
0.80027 0.27110 0.66423
0.83705 0.10970 -0.12123
-0.61789 -0.27883 2.64617
-0.18714 -0.60436 2.36504
0.09617 -0.66887 2.10403
0.11961 -0.62220 1.80603
0.35880 -0.38929 2.15785
0.29205 -0.30406 2.10764
0.25824 -0.21067 1.97957
0.22241 -0.11564 1.83426
0.30796 -0.02121 1.68905
0.32255 0.07559 1.52170
0.26233 0.18528 1.28918
0.02102 0.28735 1.02757
-0.31888 0.28181 0.86520
-0.58419 0.29595 0.78780
-0.65318 0.38169 0.76714
0.62567 0.50682 -2.45869
0.51290 0.63260 -2.48219
