586.06216
457.86298
559.51191
554.52058
558.89070
459.73203
739.76387
612.06300
500.46319
509.66206
512.26448
502.56384
492.81336
481.65492
479.51882
482.48965
494.55846
511.06837
632.92319
610.97432
548.74210
461.32801
442.09862
545.94275
545.77599
447.89653
630.41298
504.04233
518.59920
527.55323
527.28407
512.01180
496.52655
478.61356
470.96465
469.41412
478.03185
603.42392
601.43093
578.11287
595.65072
458.38130
436.58149
533.20459
528.63175
531.08258
456.97569
510.28889
528.02843
535.82191
530.31760
512.34838
490.95147
471.74577
455.95459
450.17184
456.71498
571.40701
567.15586
544.59596
625.73713
451.48785
428.38504
520.45540
511.26892
509.46849
213.47792
513.44500
423.38568
428.43115
529.44117
504.69630
479.24454
458.33062
438.07988
428.94797
530.12311
539.77539
665.34674
643.61276
467.28002
442.98162
420.87997
510.81020
499.04277
494.27955
425.92779
405.83687
416.68435
329.15650
428.56375
400.32372
473.35104
444.68016
422.15370
507.76539
507.92906
639.28315
633.95284
606.84988
464.90688
572.48254
543.96048
520.69625
616.59038
607.11664
551.32634
515.30947
525.70444
526.28559
515.01142
486.43535
456.02871
552.26986
635.79769
616.92989
612.06530
609.25962
607.27344
693.15392
463.53204
441.03402
544.20351
522.20521
616.70838
604.25666
608.11780
395.34819
402.41032
401.92551
505.25111
479.39637
453.14861
546.39700
630.86630
612.28137
606.66014
603.34113
602.98598
726.00481
468.51164
448.84993
552.48240
531.27005
619.33676
603.19957
478.69421
396.36230
402.25289
400.32894
505.88241
482.17141
456.34289
548.73179
631.17694
613.05831
603.77317
602.92218
604.08817
639.65095
481.99002
465.48285
570.51480
546.78510
626.72340
531.29433
574.28938
404.58252
430.85756
428.33770
531.68730
503.38938
467.40764
560.27001
639.00515
618.66277
608.46502
608.99901
611.81545
582.24092
503.17681
486.98182
594.77560
569.20946
545.20976
647.95106
542.75468
443.06444
450.02242
566.00285
562.49371
524.50146
611.56489
681.41307
652.43663
630.58990
622.09392
625.35396
630.16226
453.10858
419.07190
512.07828
623.98591
599.49944
575.57834
717.71398
450.20915
457.37464
463.32370
457.22231
445.15038
549.30863
634.88289
700.50829
671.86128
651.66896
644.22738
651.50498
659.00411
494.34244
412.35032
508.72898
624.55796
603.27103
580.74701
530.02084
443.23006
458.30791
461.75513
560.52547
547.13880
528.67514
626.61115
600.69593
576.94847
562.77784
561.84930
573.84784
581.84814
600.40679
405.36860
508.36226
499.13688
607.04819
588.34814
383.59436
434.64351
448.06131
569.28494
561.02412
535.51077
518.09665
619.26214
598.61849
580.22980
569.38620
574.87353
590.08741
597.36304
586.84754
503.52546
504.95616
497.34264
612.22549
598.16703
192.75565
540.22721
542.67453
543.99609
547.16032
534.48198
507.81966
613.19731
598.44318
585.15859
580.60047
591.73153
609.71307
615.18444
618.27635
620.07015
498.01464
497.77205
618.59900
609.99184
613.09514
518.73625
664.04994
663.89413
654.35102
510.52046
618.61617
608.72864
599.42208
593.12072
595.21091
613.19426
516.77219
633.69649
602.95945
611.33468
622.05159
499.92989
625.91570
623.42562
708.06671
634.23049
644.88789
643.81195
634.19204
618.42137
607.63991
604.79085
602.82262
603.69237
612.76421
518.86444
535.63696
618.97493
590.37073
603.69200
618.65536
501.70035
505.08202
511.22624
656.88090
616.55843
625.19491
623.74297
611.05918
604.60676
599.93047
603.00531
608.34697
616.50186
524.87226
538.95509
553.75807
617.60280
579.77360
597.36872
616.01986
502.36827
513.15668
451.34324
616.86177
595.27479
602.13176
602.17605
595.42635
592.54755
594.65470
603.41355
615.74338
517.80272
544.53929
574.82609
466.60375
511.87648
571.37258
592.46380
614.16404
505.89843
412.05211
490.85303
572.69844
581.92274
588.12215
588.88574
582.16150
581.58313
591.88314
605.86369
624.58925
531.96470
563.04052
468.49001
469.26156
474.11034
656.41587
588.09639
613.15821
507.40705
416.99030
653.61182
653.10234
655.51833
658.84281
661.71974
658.69054
668.51059
685.14063
610.08310
506.29437
424.24675
453.52024
471.51038
471.97771
591.72840
631.55626
557.28055
583.09736
481.85353
503.53368
589.52205
625.67043
627.74073
628.56666
632.73723
634.69603
645.87288
664.79892
587.87209
486.73778
525.49897
558.40497
575.23746
475.76361
655.57001
614.52723
534.38499
560.49805
586.24625
483.10903
419.44554
603.78772
605.79452
607.64098
612.90408
619.32889
632.72161
651.74096
571.24599
472.40860
500.46171
536.69902
430.02139
527.17913
743.34532
606.29149
520.87636
547.45669
572.12603
467.27786
210.12591
590.54387
592.48009
595.17504
601.46528
612.45748
626.83364
646.80918
563.41949
465.60777
491.85654
406.60680
527.76030
505.56195
695.39245
605.47220
516.64550
541.25094
565.26102
460.26461
425.01901
584.24167
585.03554
588.76682
596.11396
612.65798
628.21141
649.23806
565.31169
463.97418
488.38440
513.78808
512.92864
498.95639
596.31080
606.35049
626.82180
540.29719
567.05743
464.35001
544.83646
582.25270
583.21595
588.72693
597.21709
618.28011
634.97081
657.00705
572.24703
467.12642
491.98822
511.54307
515.82020
493.09804
491.95641
492.40148
506.57138
417.88265
439.62695
464.23778
580.74315
592.15161
595.65953
602.31621
609.95954
515.61004
527.40289
440.62901
456.24568
381.62194
405.54954
420.10547
310.20801
651.10593
507.60304
505.90105
516.75526
534.44565
446.50001
471.83195
621.74874
625.02139
512.72301
520.70503
527.15279
441.77364
445.51443
452.98840
463.77983
486.36622
408.63859
421.88374
406.31366
605.73710
531.18481
524.89450
531.17877
545.26547
452.79754
476.49438
545.43137
539.41363
548.58082
556.57296
560.77048
465.20540
464.27029
466.51018
474.64042
493.00383
512.21536
524.20315
514.48899
557.63156
555.60172
544.26148
545.23618
554.22709
455.34863
514.32880
571.05763
577.54608
588.82005
596.10783
490.30662
486.54264
479.81744
475.94855
478.79783
493.47576
510.39806
521.44561
507.89351
597.02900
462.06932
559.05728
553.96964
558.41005
575.50489
638.27131
492.35537
502.89298
513.70563
517.97253
513.76668
501.31458
488.19189
477.91213
475.32095
485.54757
503.41485
508.90086
493.54542
